107,3
107,2
107,1
107,0
106,5
106,4
106,3
106,2
106,1
106,0
105,4
105,3
105,2
105,1
105,0
104,3
104,2
104,1
104,0
103,5
103,4
103,3
103,2
103,1
103,0
102,4
102,3
102,2
102,1
102,0
101,3
101,2
101,1
101,0
100,4
100,3
100,2
100,1
100,0
99,3
99,2
99,1
99,0
98,3
98,2
98,1
98,0
97,6
97,5
97,4
97,3
97,2
97,1
97,0
96,5
96,4
96,3
96,2
96,1
96,0
95,4
95,3
95,2
95,1
95,0
94,3
94,2
94,1
94,0
93,3
93,2
93,1
93,0
92,5
92,4
92,3
92,2
92,1
92,0
91,4
91,3
91,2
91,1
91,0
90,3
90,2
90,1
90,0
89,5
89,4
89,3
89,2
89,1
89,0
88,4
88,3
88,2
88,1
88,0
87,3
87,2
87,1
87,0
86,4
86,3
86,2
86,1
86,0
85,3
85,2
85,1
85,0
84,3
84,2
84,1
84,0
83,6
83,5
83,4
83,3
83,2
83,1
83,0
82,5
82,4
82,3
82,2
82,1
82,0
81,4
81,3
81,2
81,1
81,0
80,3
80,2
80,1
80,0
0,566
0,565
0,310
0,305
0,308
0,307
0,302
0,304
0,303
0,12
0,10
0,8
0,0
0,518
0,419
0,300
0,517
0,418
0,299
0,519
0,417
0,298
0,515
0,416
0,297
0,514
0,415
0,296
0,516
0,414
0,295
0,512
0,413
0,294
0,511
0,412
0,293
0,513
0,411
0,292
0,509
0,410
0,291
0,508
0,409
0,290
0,510
0,407
0,289
0,506
0,406
0,288
0,505
0,405
0,287
0,507
0,404
0,286
0,503
0,403
0,285
0,502
0,402
0,284
0,504
0,401
0,283
0,500
0,400
0,282
0,499
0,399
0,281
0,501
0,398
0,280
0,497
0,397
0,279
0,496
0,396
0,278
0,498
0,395
0,277
0,493
0,394
0,276
0,492
0,393
0,275
0,495
0,392
0,274
0,490
0,391
0,273
0,489
0,390
0,272
0,491
0,389
0,271
0,487
0,388
0,270
0,486
0,387
0,269
0,488
0,386
0,268
0,484
0,385
0,267
0,483
0,384
0,266
0,485
0,383
0,265
0,481
0,382
0,264
0,480
0,381
0,263
0,482
0,380
0,262
0,478
0,379
0,261
0,477
0,378
0,260
0,479
0,377
0,259
0,475
0,376
0,258
0,474
0,375
0,257
0,476
0,374
0,256
0,472
0,373
0,255
0,471
0,372
0,254
0,473
0,371
0,253
0,564
0,370
0,252
0,563
0,369
0,251
0,368
0,250
0,554
0,539
0,249
0,553
0,367
0,248
0,538
0,366
0,247
0,537
0,365
0,246
0,551
0,364
0,245
0,552
0,536
0,244
0,550
0,549
0,242
0,548
0,363
0,241
0,535
0,362
0,240
0,534
0,361
79,1
79,3
67,3
67,1
63,3
57,0
57,3
64,0
64,3
68,0
68,3
72,0
72,1
71,0
71,1
69,0
69,1
70,3
70,1
65,3
65,1
56,3
56,1
60,3
78,0
78,3
55,0
55,3
61,0
61,1
58,0
58,1
75,0
75,1
54,3
54,1
66,3
66,1
62,3
62,1
59,3
0,494
59,1
59,0
62,0
66,0
54,0
75,3
58,3
61,3
55,1
78,1
60,1
60,0
56,0
65,0
70,0
69,3
71,3
72,3
68,1
64,1
57,1
63,1
63,0
67,0
79,0
3,3
3,1
3,0
1,1
1,3
1,0
2,1
2,3
2,0
0,9
0,239
0,547
0,360
0,238
0,546
0,359
0,237
0,562
0,358
0,236
0,470
0,357
0,235
0,469
0,356
0,234
0,533
0,355
0,233
0,467
0,354
0,232
0,466
0,353
0,231
0,468
0,352
0,230
0,465
0,464
0,229
0,463
0,351
0,228
0,462
0,350
0,227
0,461
0,349
0,226
0,460
0,348
0,225
0,459
0,458
0,224
0,545
0,532
0,223
0,559
0,347
0,222
0,457
0,346
0,221
0,456
0,345
0,220
0,531
0,344
0,219
0,530
0,454
0,218
0,544
0,453
0,217
0,455
0,343
0,216
0,452
0,342
0,215
0,451
0,341
0,214
0,450
0,340
0,213
0,449
0,448
0,212
0,447
0,446
0,211
0,445
0,339
0,210
0,529
0,338
0,209
0,528
0,337
0,208
0,444
0,336
0,207
0,443
0,335
0,206
0,543
0,334
0,205
0,561
0,442
0,204
0,333
0,203
0,441
0,332
0,202
0,440
0,331
0,201
0,438
0,330
0,200
0,527
0,437
0,199
0,560
0,439
0,198
0,436
0,329
0,197
0,435
0,328
0,196
0,434
0,327
0,195
0,433
0,326
0,194
0,432
0,431
0,193
0,430
0,429
0,192
0,542
0,325
0,63
0,557
0,324
0,62
0,556
0,323
0,61
0,558
0,321
0,60
0,555
0,526
0,59
0,428
0,320
0,58
0,541
0,319
0,57
0,540
0,318
0,56
0,427
0,317
0,55
0,426
0,425
0,54
0,424
0,423
0,53
0,422
0,316
0,52
0,421
0,315
0,51
0,420
0,314
0,50
0,524
0,313
0,49
0,523
0,312
0,48
0,525
0,311
0,47
0,521
0,309
0,46
0,520
0,306
0,45
0,522
0,301
0,6
0,5
0,1
0,11
0,4
0,2
0,3
0,7
